function d=tissue_specific_extinction_coefficient_650to1000_OpticsBook

%__________________________________________________________________________
% Specific Extinction is described using base 10 logarithm units and Specific Absorption is
% described using natural logarithm units. The difference between them is a
% scaling factor of ln10:specific absorption coefficient = specific
% extinction coefficient x 2.3025851.
%__________________________________________________________________________

% ---------------------------------------------------------------------------------------------------------
% Wavelengths(nm)	e_HbO (OD/cm/M)   e_HbR (OD/cm/M)   mua_water (OD/cm)  
% mua_lipid (OD/cm) e_oxCCO (OD/cm/M)   <-- all from Quantitative Biomedical
% Optics Book 
%
% ---------------------------------------------------------------------------------------------------------
d=[
650 890.6   8598    0.003233    0.00471 11350
660 770.3   7921    0.003661    0.00418 10131
670 739.6   7011    0.003938    0.0045  8471
680 735.3   5919    0.004209    0.00406 6899
690 718.9   4922    0.004813    0.00342 6061
700 736.4   4206    0.006052    0.00323 5560
710 802.2   3699    0.008980    0.00315 4875
720 897.5   3268    0.01306     0.00367 4386
730 1009    2999    0.02019     0.00499 4148
740 1133    3087    0.02487     0.00654 4178
750 1265    3558    0.02613     0.00972 4301
760 1403    3855    0.02612     0.01278 4415
770 1547    3275    0.02476     0.00871 4525
780 1694    2544    0.02266     0.00409 4719
790 1843    2133    0.02049     0.00346 4951
800 1992    1933    0.01963     0.00403 5207
810 2139    1839    0.02091     0.00527 5334
820 2281    1803    0.02457     0.00691 5403
830 2419    1796    0.03095     0.00803 5356
840 2549    1799    0.03713     0.00726 5313
850 2669    1810    0.04388     0.00637 5273
860 2779    1836    0.04955     0.00674 5134
870 2875    1880    0.05359     0.00938 4989
880 2957    1936    0.05830     0.01636 4744
890 3024    1996    0.06256     0.03116 4511
900 3077    2044    0.06822     0.04633 4193
910 3111    2064    0.07898     0.07046 4019
920 3128    2036    0.1114      0.1065  3756
930 3130    1952    0.1934      0.131   3367

];